3.659372627735138 0.0 1.0 0.0
6.659372627735138 1.0901233429120827e-28 0.11788671935522063 22.00518022879344
9.659372627735138 0.0 0.40901872977406656 67.5480250377725
12.659372627735138 0.0 0.40577843631626165 98.15454349233758
15.659372627735138 1.547327708960048e-38 0.13708263119996544 100.0
18.659372627735138 6.118081591942525e-38 0.13599604569466078 100.0
21.659372627735138 4.94635588204686e-32 0.1223773363561069 99.97841571336068
24.659372627735138 1.0 0.0 99.58989855385279
27.659372627735138 1.0 0.0 100.0
30.659372627735138 1.0 0.0 100.0
33.65937262773514 1.0 0.0 100.0
36.65937262773514 1.0 0.0 100.0
39.65937262773514 1.0 0.0 100.0
42.65937262773514 1.0 0.0 100.0
