4930.309353023732 2
4931.307043499875 0
4932.304733976018 0
4933.302424452161 3
4934.300114928304 2
4935.297805404447 10
4936.295495880589 12
4937.293186356733 10
4938.290876832876 8
4939.288567309019 19
4940.286257785162 19
4941.283948261304 22
4942.281638737448 23
4943.27932921359 25
4944.277019689734 11
4945.274710165877 20
4946.272400642019 24
4947.270091118163 11
4948.267781594305 28
4949.265472070449 16
4950.263162546591 22
4951.260853022734 17
4952.258543498878 27
4953.25623397502 22
4954.253924451164 16
4955.251614927306 18
4956.249305403449 32
4957.246995879592 28
4958.244686355735 31
4959.242376831879 47
4960.240067308021 44
4961.237757784164 67
4962.235448260307 57
4963.23313873645 65
4964.230829212593 65
4965.228519688736 60
4966.226210164879 71
4967.223900641022 64
4968.221591117165 69
4969.219281593308 80
4970.216972069451 53
4971.2146625455935 55
4972.212353021737 63
4973.21004349788 68
4974.207733974023 49
4975.205424450166 61
4976.203114926308 53
4977.200805402452 40
4978.198495878594 35
4979.196186354738 43
4980.193876830881 49
4981.191567307023 48
4982.189257783167 53
4983.186948259309 51
4984.184638735453 78
4985.182329211595 73
4986.180019687738 73
4987.177710163881 87
4988.175400640024 92
4989.173091116168 85
4990.17078159231 82
4991.168472068453 115
4992.166162544596 84
4993.163853020739 73
4994.161543496882 72
4995.159233973025 82
4996.156924449168 64
4997.154614925311 74
4998.152305401454 57
4999.149995877597 53
5000.14768635374 79
5001.1453768298825 49
5002.143067306026 49
5003.140757782169 51
5004.138448258312 49
5005.136138734455 47
5006.1338292105975 33
5007.131519686741 41
5008.129210162883 42
5009.126900639027 52
5010.12459111517 37
5011.1222815913125 33
5012.119972067456 36
5013.117662543598 29
5014.115353019742 32
5015.113043495884 28
5016.110733972027 24
5017.108424448171 27
5018.106114924313 18
5019.103805400457 13
5020.101495876599 10
5021.099186352742 10
5022.096876828885 6
5023.094567305028 6
5024.092257781172 4
5025.089948257314 2
5026.087638733457 3
5027.0853292096 0
5028.083019685743 0
5029.080710161886 3
