4923.9926440623685 3
4925.102277804213 2
4926.211911546058 4
4927.321545287903 13
4928.431179029748 7
4929.540812771594 19
4930.6504465134385 17
4931.760080255283 14
4932.869713997128 16
4933.979347738973 25
4935.088981480818 23
4936.198615222663 17
4937.308248964508 15
4938.417882706352 28
4939.527516448198 14
4940.637150190043 26
4941.746783931888 21
4942.856417673733 21
4943.966051415578 28
4945.075685157422 20
4946.185318899267 48
4947.294952641112 50
4948.404586382957 65
4949.514220124803 69
4950.623853866648 71
4951.733487608492 84
4952.843121350337 110
4953.952755092182 106
4955.062388834027 122
4956.172022575872 142
4957.281656317717 158
4958.3912900595615 176
4959.500923801407 176
4960.610557543252 203
4961.720191285097 184
4962.829825026942 225
4963.939458768787 236
4965.049092510631 236
4966.158726252476 223
4967.268359994321 167
4968.377993736166 179
4969.487627478012 174
4970.597261219857 178
4971.706894961701 153
4972.816528703546 128
4973.926162445391 128
4975.035796187236 131
4976.145429929081 120
4977.255063670926 92
4978.3646974127705 96
4979.474331154616 102
4980.583964896461 79
4981.693598638306 73
4982.803232380151 82
4983.912866121996 52
4985.0224998638405 69
4986.132133605685 46
4987.24176734753 44
4988.351401089375 37
4989.46103483122 17
4990.570668573066 27
4991.6803023149105 23
4992.789936056755 16
4993.8995697986 16
4995.009203540445 9
4996.11883728229 7
4997.228471024135 4
4998.33810476598 6
4999.447738507824 4
5000.55737224967 1
5001.667005991515 0
5002.77663973336 1
5003.886273475205 3
5004.9959072170495 2
5006.105540958894 3
5007.215174700739 2
5008.324808442584 1
5009.434442184429 0
5010.544075926275 1
5011.6537096681195 0
5012.763343409964 1
5013.872977151809 0
5014.982610893654 1
5016.092244635499 0
5017.201878377344 0
5018.311512119189 3
5019.421145861033 2
5020.530779602879 3
5021.640413344724 4
5022.750047086569 2
5023.859680828414 0
5024.969314570259 0
5026.078948312103 3
5027.188582053948 3
5028.298215795793 2
5029.407849537638 0
5030.517483279484 1
5031.627117021329 4
5032.736750763173 1
5033.846384505018 1
