432.5906352628849 1
433.2813852774874 0
433.97213529208994 1
434.66288530669243 1
435.3536353212949 2
436.04438533589746 0
436.73513535049995 1
437.42588536510243 1
438.1166353797049 8
438.80738539430746 2
439.49813540890995 5
440.18888542351243 5
440.879635438115 6
441.57038545271746 6
442.26113546731995 5
442.95188548192243 8
443.642635496525 11
444.33338551112746 8
445.02413552572995 15
445.7148855403325 13
446.405635554935 16
447.09638556953746 9
447.78713558414 14
448.4778855987425 25
449.168635613345 29
449.8593856279475 24
450.55013564255 30
451.2408856571525 30
451.931635671755 40
452.6223856863575 54
453.31313570096 35
454.0038857155625 42
454.69463573016503 49
455.3853857447675 44
456.07613575937 45
456.7668857739725 46
457.45763578857503 47
458.1483858031775 37
458.83913581778 46
459.52988583238255 45
460.22063584698503 35
460.9113858615875 50
461.60213587619006 44
462.29288589079255 43
462.98363590539503 50
463.6743859199976 35
464.36513593460006 40
465.05588594920255 44
465.74663596380503 30
466.4373859784076 22
467.12813599301006 33
467.81888600761255 33
468.5096360222151 25
469.2003860368176 22
469.89113605142006 21
470.58188606602255 20
471.2726360806251 19
471.9633860952276 25
472.6541361098301 25
473.3448861244326 18
474.0356361390351 22
474.7263861536376 31
475.4171361682401 19
476.1078861828426 21
476.7986361974451 17
477.48938621204763 28
478.1801362266501 14
478.8708862412526 21
479.5616362558551 16
480.25238627045763 10
480.9431362850601 14
481.6338862996626 21
482.32463631426515 13
483.01538632886763 15
483.7061363434701 16
484.3968863580726 12
485.08763637267515 16
485.77838638727764 14
486.4691364018802 9
487.15988641648266 12
487.85063643108515 13
488.54138644568764 13
489.2321364602902 9
489.92288647489266 14
490.61363648949515 5
491.3043865040977 4
491.9951365187002 8
492.68588653330266 2
493.37663654790515 3
494.0673865625077 8
494.7581365771102 3
495.44888659171266 2
496.1396366063152 2
496.8303866209177 0
497.5211366355202 1
498.21188665012266 1
498.9026366647252 1
499.5933866793277 1
500.28413669393024 0
500.9748867085327 1
