439.6618374531856 1
440.49050967404685 0
441.31918189490807 0
442.1478541157693 0
442.9765263366305 2
443.80519855749174 6
444.63387077835296 4
445.4625429992142 5
446.2912152200754 4
447.1198874409366 14
447.94855966179784 8
448.77723188265907 14
449.6059041035203 17
450.4345763243815 28
451.26324854524273 24
452.09192076610395 26
452.9205929869652 25
453.7492652078264 28
454.5779374286876 35
455.40660964954884 51
456.23528187041006 47
457.0639540912713 56
457.8926263121325 46
458.7212985329937 58
459.54997075385495 58
460.3786429747162 63
461.2073151955774 64
462.0359874164386 70
462.86465963729984 66
463.69333185816106 77
464.5220040790223 70
465.3506762998835 79
466.1793485207447 73
467.00802074160595 75
467.83669296246717 73
468.6653651833284 60
469.4940374041896 57
470.32270962505083 67
471.15138184591206 68
471.9800540667733 51
472.8087262876345 54
473.6373985084957 39
474.46607072935694 56
475.29474295021816 53
476.1234151710794 48
476.9520873919406 49
477.78075961280183 45
478.60943183366305 47
479.4381040545243 40
480.2667762753855 35
481.0954484962467 47
481.92412071710794 52
482.75279293796916 52
483.5814651588304 37
484.4101373796916 54
485.2388096005528 37
486.06748182141405 48
486.89615404227527 60
487.7248262631365 77
488.5534984839977 66
489.38217070485894 49
490.21084292572016 75
491.0395151465814 59
491.8681873674426 63
492.6968595883038 68
493.52553180916505 50
494.35420403002627 70
495.1828762508875 47
496.0115484717487 60
496.84022069260993 50
497.66889291347115 59
498.4975651343324 50
499.3262373551936 41
500.1549095760548 33
500.98358179691604 42
501.81225401777726 44
502.6409262386385 38
503.4695984594997 18
504.29827068036093 22
505.12694290122215 24
505.9556151220834 17
506.7842873429446 8
507.6129595638058 13
508.44163178466704 13
509.27030400552826 8
510.0989762263895 10
510.9276484472507 8
511.7563206681119 7
512.5849928889731 5
513.4136651098344 6
514.2423373306956 3
515.0710095515568 4
515.899681772418 3
516.7283539932793 1
517.5570262141405 0
518.3856984350017 3
519.2143706558629 3
520.0430428767241 2
520.8717150975854 0
521.7003873184466 2
